314 358 349 14 179 479 29 417 187 451 129 158 387 470 406 214 5 34 471 265 305 256 237 261 17 392 331 496 240 226 450 291 368 64 63 192 328 68 405 7 463 160 445 175  213 142 1 80 317 74 206 78 355 464 357 173 319 121 72 10 348 421 454 177 482 436 322 361 143 460 260 123 320 277 146 403 212 486 222 327 247 268 163 422 292 116 447 11 54 253 371 103 365 402 381 31 373 346 367 150


-661268268 985038040 793281271 2089192557 -385028346 10962906 -1873413139 344386935 1895014237 649619360 1035190243 114864071 -54286042 1057006762 1482427600 91289579 -644954884 -359460789 -422302603 -1359107986 -429105304 -601447317 -442611496 1785722169 -1104931542 966363266 -914615731 1632746035 1585492163 389833803 -1053632734 -4474365 612570977 -202720309 -77943243 -1882996259 993856063 335594856 -1502021420 1488062088 -1991170194 -1146441206 -2055229198 1505950718 -1407743823 -1144773748 1698232037 -1943153868 -1331366548 1291879078 -942994034 2054468555 840251198 1351765978 1798414478 -1709155723 -358875911 -773332710 -1230715659 -1128872840 1262919612 1538363831 1934173651 -176729464 -2059676535 -2076203797 -493979050 1189703711 2124760353 -1772140726 2100687432 -1446608155 940207008 -839346333 2119937313 1867301220 79745835 678056737 -898678341 1891771822 1455956785 -870417318 -1603017054 72682309 -1093093761 1113685748 1429534024 -409096763 -124646385 967576742 -1175079637 -45287425 1090177334 507987606 1021439272 1958253128 904771742 664968251 1079068634 -1019126813 -449080282 370671092 -462906694 -1896638073 -1385958822 -947729550 1605623414 -1374755411 -2084823698 -422161030 470527536 -1406690274 -413052587 699447023 1824644631 198585408 -873134234 -509241 -1894923129 2023266289 -129331199 825539305 -991365089 -1554080347 -1463024524 895959254 985347529 1631499804 -1060988451 -1588851875 1779926 -118474266 964493895 1607084467 -978939769 -972729337 -396779877 -1581815770 -2086903788 1900962416 1933572858 -509292468 241832613 -1751803247 -662869850 -104880628 1993336651 -1590842223 172419906 -760947033 -1409832844 74173314 -1935122147 -1913377802 1171159840 1571201521 -967223804 -2037207042 2135015758 1094907444 -651702225 2128743784 -1356235289 -377691663 -2041066791 -1188049269 -1136254888 2083274302 -1017856180 107967321 1663791209 -1739786463 447184849 1177329709 594611569 1192866814 -189260474 -568172347 -2010028932 138748101 -1615464746 -2144060106 322693162 640946347 1017517102 -1525373752 703571948 -1111134783 1503541258 1451286592 425302086 104684413 -1920719013 571299258 -2066233112 550952149 -679127803 986113480 1471723539 1882530704 1457937654 1476314797 1248894064 966040273 447724751 1332801723 -375562082 -485416466 708110531 -1137371285 -1788372599 1317118287 913186709 1535361744 -618100491 -1482132921 -1551933372 -1079194112 1295196724 1872777144 -112339900 -544429277 456271539 1549835975 88268016 -1461204013 1481872597 908160022 -2102890237 1317776642 1688570964 -981781151 1667704590 -1855921705 -1595982316 154197713 -513929694 27396240 -906170774 -251340212 476525693 1874228168 2041794940 -1653890333 644141942 231625449 -1577115546 -247255058 301615372 -643657116 1249732726 -196428273 -1599801542 1272879019 -1739149727 1328420069 1532938974 437203755 1945980464 407691830 -1805421896 -302177000 -1608802384 -1280984501 -107982750 -1944652805 2028070550 -468884658 -467344694 696620861 -1064692075 -1774018296 1711655334 918398152 32683196 446827527 -1127883724 1188495520 1016276051 -381994456 -594698109 445977869 -1872417636 -2100374129 -1922947477 348718596 -679493408 -165446331 1371257605 -325927367 357043631 1975672223 529262774 1141671454 -996216521 -1719180135 1030093073 -117340519 -1456374769 -1882231578 -2026037846 -2099640115 1859141696 1480362607 -1519427125 102428085 1844879461 216297998 -251769692 -1061005627 1410379614 -1876747931 -1288360172 -438331947 -713600873 1996887369 -342258589 -1761889117 -913410612 859152883 378348034 -1072456513 148926534 742657614 442657293 -757019974 657949141 -1296731407 1764280744 -1327139533 -668062410 1446455033 1613407152 -145105790 589883222 1149159984 -138259912 851063975 -1394970179 -239093278 -75510805 -1040448420 1619899825 -955397534 14384872 -560795845 1444995005 -1469516292 1139718417 -1441154579 -418662533 1726782073 -1015125108 -2082521702 1631342916 1416390530 -1018547880 1300190231 -285553052 -1710842827 1356498881 -1315360065 -2091454335 -1438188628 1547402948 -555109469 -2067050948 1695547759 470497021 993427192 -404021358 -868643554 520432453 2098856815 -2077189114 617625787 -299180458 1311626698 1479708514 1543495772 -530336490 -2024509539 577909772 1853192235 -690959788 -1197494899 1853538763 1057632413 -1228229732 -622847967 1723866606 -1472809018 1301999149 -463251548 149162458 846674734 887482756 493347887 -1618333064 -1340264744 1890546820 -1402139097 2010877911 658328936 -1049000097 -2098449374 -1395203949 678537073 1786380646 -593683667 -697632603 407072397 -45296961 -1332509993 990167406 439587078 -666710628 293349137 -1123501363 968026249 -1704513015 1976775855 -806784504 -1588990005 -1797056038 2077594819 -893927596 444135698 -492920801 -1493175131 -1886665076 522818301 -2136660825 1863135176 1205204562 -765839858 -58009256 -1408989939 1727455513 1875272215 623838007 1548168205 -532069535 573283872 -1647401483 -2130871748 -1467195579 -446741219 541113665 -1503275377 1973519586 -1821998200 -2130311043 -1070063169 -633724718 -2104692701 -1623301257 -556571532 -910345975 -578517559 131722785 -1697134871 1648991580 -514719344 2041078764 2083946161 936590804 -1498455480 -1875172248 570076550 -1143205075 -2135669792 -1481276534 1500483389 -1653818501 37203805 1412478205 2041303482 -381924835 -2085723678 1103465039 -1038385483 355570584 2014764178 489832874 -1097219079 1148914718 1749636756 -1064111592 1076973603 -763215639 1096733424 1418787689 -741195477 1532659621 -315272271 -1822925153 1757421493 -1864616294 -2041030205


ARG="
"; ./push_swap $ARG | ./checker_OS $ARG



bash push_swap_test_linux.sh
